0.000000000000000e+000	-8.679521e-006
1.000000000000000e-012	-8.679521e-006
3.834891246991533e-008	-8.679561e-006
7.669682493983066e-008	-8.679512e-006
1.150447374097460e-007	-8.679374e-006
1.533926498796613e-007	-8.679147e-006
1.917405623495766e-007	-8.678831e-006
2.300884748194920e-007	-8.678427e-006
2.684363872894072e-007	-8.677934e-006
1.124193082434046e-006	-8.619081e-006
1.979949777578684e-006	-8.455350e-006
2.835706472723323e-006	-8.186740e-006
3.691463167867961e-006	-7.813252e-006
4.547219863012600e-006	-7.334885e-006
5.402976558157238e-006	-6.751639e-006
6.258733253301874e-006	-6.063515e-006
1.774395487018353e-005	1.443919e-005
3.305758369269240e-005	7.362445e-005
6.368484133771014e-005	2.991574e-004
1.249393566277456e-004	1.164206e-003
2.469689888521057e-004	4.209804e-003
4.188562080267342e-004	1.122511e-002
6.760203814366039e-004	2.692430e-002
1.000000000000000e-003	5.190149e-002
1.100063895926018e-003	6.185197e-002
1.233482423827374e-003	7.617585e-002
1.500319479630088e-003	1.078261e-001
2.000000000000000e-003	1.719344e-001
2.159589785178772e-003	1.946168e-001
2.341978111097368e-003	2.211976e-001
2.706754762934561e-003	2.753243e-001
3.000000000000000e-003	3.193121e-001
3.146484375000000e-003	3.413345e-001
3.341796875000000e-003	3.703645e-001
3.732421875000000e-003	4.273366e-001
4.000000000000000e-003	4.655480e-001
4.146484375000000e-003	4.855148e-001
4.341796875000000e-003	5.111456e-001
4.732421875000000e-003	5.598905e-001
5.048828125000000e-003	5.969855e-001
5.341796875000000e-003	6.270792e-001
5.732421875000000e-003	6.629940e-001
6.048828125000000e-003	6.890057e-001
6.341796875000000e-003	7.080744e-001
6.683658212126331e-003	7.262154e-001
7.000000000000000e-003	7.402090e-001
7.146484375000000e-003	7.445030e-001
7.341796875000000e-003	7.485577e-001
7.732421875000000e-003	7.527714e-001
8.000000000000000e-003	7.532706e-001
8.146484375000001e-003	7.514540e-001
8.341796875000000e-003	7.474251e-001
8.732421875000000e-003	7.356626e-001
9.000000000000001e-003	7.253553e-001
9.146484375000001e-003	7.177767e-001
9.341796875000001e-003	7.062218e-001
9.732421875000001e-003	6.798046e-001
1.000000000000000e-002	6.597173e-001
1.014648437500000e-002	6.470370e-001
1.034179687500000e-002	6.289042e-001
1.073242187500000e-002	5.898761e-001
1.104882812500000e-002	5.559220e-001
1.134179687500000e-002	5.211065e-001
1.173242187500000e-002	4.720078e-001
1.204882812500000e-002	4.304744e-001
1.234179687500000e-002	3.895853e-001
1.273242187500000e-002	3.332593e-001
1.300000000000000e-002	2.938619e-001
1.314648437500000e-002	2.716796e-001
1.334179687500000e-002	2.417483e-001
1.373242187500000e-002	1.811795e-001
1.400000000000000e-002	1.393164e-001
1.434179687500000e-002	8.526400e-002
1.473242187500000e-002	2.344794e-002
1.500000000000000e-002	-1.883650e-002
1.534179687500000e-002	-7.225141e-002
1.573242187500000e-002	-1.324117e-001
1.600000000000000e-002	-1.731495e-001
1.634179687500000e-002	-2.234822e-001
1.673242187500000e-002	-2.792587e-001
1.704882812500000e-002	-3.231937e-001
1.734179687500000e-002	-3.616131e-001
1.773242187500000e-002	-4.105212e-001
1.800000000000000e-002	-4.428304e-001
1.814648437500000e-002	-4.593909e-001
1.834179687500000e-002	-4.804977e-001
1.873242187500000e-002	-5.203577e-001
1.903860446257454e-002	-5.496101e-001
1.927023123802178e-002	-5.691943e-001
1.957906693861809e-002	-5.927008e-001
2.004882812500000e-002	-6.248213e-001
2.034179687500000e-002	-6.402112e-001
2.073242187500000e-002	-6.569503e-001
2.100000000000000e-002	-6.665359e-001
2.114648437500000e-002	-6.700938e-001
2.134179687500000e-002	-6.734803e-001
2.173242187500000e-002	-6.770613e-001
2.204882812500000e-002	-6.771329e-001
2.234179687500000e-002	-6.727020e-001
2.273242187500000e-002	-6.627669e-001
2.283919957960173e-002	-6.596417e-001
2.294597728420346e-002	-6.559756e-001
2.305275498880519e-002	-6.517689e-001
2.315953269340692e-002	-6.470213e-001
2.326631039800865e-002	-6.417331e-001
2.337308810261039e-002	-6.359040e-001
2.347986580721212e-002	-6.295342e-001
2.402495583193824e-002	-5.945590e-001
2.437433747907362e-002	-5.658906e-001
2.477363079008548e-002	-5.291779e-001
2.500000000000000e-002	-5.069747e-001
2.534179687500000e-002	-4.692582e-001
2.568122576356452e-002	-4.289820e-001
2.603137786114732e-002	-3.853501e-001
2.642716143508444e-002	-3.315693e-001
2.684219424919088e-002	-2.724073e-001
2.698469300991262e-002	-2.514310e-001
2.712719177063436e-002	-2.301464e-001
2.726969053135609e-002	-2.085535e-001
2.741218929207783e-002	-1.866523e-001
2.755468805279957e-002	-1.644428e-001
2.769718681352131e-002	-1.419250e-001
2.783968557424304e-002	-1.190989e-001
2.814648437500000e-002	-6.984027e-002
2.834179687500000e-002	-3.802557e-002
2.873242187500000e-002	2.591925e-002
2.904882812500000e-002	7.786179e-002
2.934179687500000e-002	1.257512e-001
2.973242187500000e-002	1.889548e-001
3.004882812500000e-002	2.395317e-001
3.034179687500000e-002	2.849359e-001
3.073242187500000e-002	3.437315e-001
3.104882812500000e-002	3.899688e-001
3.134179687500000e-002	4.301546e-001
3.173242187500000e-002	4.809454e-001
3.204882812500000e-002	5.199732e-001
3.234179687500000e-002	5.523804e-001
3.273242187500000e-002	5.918694e-001
3.304882812500000e-002	6.211093e-001
3.334179687500000e-002	6.435245e-001
3.373242187500000e-002	6.689444e-001
3.400000000000000e-002	6.841108e-001
3.434179687500000e-002	6.970161e-001
3.473242187500000e-002	7.063425e-001
3.500000000000000e-002	7.102607e-001
3.504882812500000e-002	7.103425e-001
3.514648437500000e-002	7.101886e-001
3.573242187500000e-002	7.004530e-001
3.600000000000000e-002	6.925132e-001
3.634179687500001e-002	6.753764e-001
3.673242187500000e-002	6.502491e-001
3.704882812500000e-002	6.263655e-001
3.734179687500000e-002	5.988334e-001
3.773242187500000e-002	5.574968e-001
3.804882812500000e-002	5.208433e-001
3.834179687500000e-002	4.821873e-001
3.873242187500000e-002	4.267782e-001
3.904882812500000e-002	3.793054e-001
3.934179687500000e-002	3.316649e-001
3.973242187500000e-002	2.653161e-001
4.004882812500000e-002	2.097517e-001
4.034179687500000e-002	1.559301e-001
4.073242187500000e-002	8.260052e-002
4.100000000000000e-002	3.171212e-002
4.114648437500000e-002	3.431666e-003
4.134179687500000e-002	-3.440197e-002
4.200000000000000e-002	-1.620206e-001
4.234179687500000e-002	-2.274131e-001
4.300000000000000e-002	-3.502444e-001
4.334179687500001e-002	-4.106499e-001
4.400000000000000e-002	-5.205915e-001
4.427023123802177e-002	-5.616362e-001
4.457906693861809e-002	-6.053170e-001
4.504882812500000e-002	-6.674227e-001
4.534179687500000e-002	-7.003294e-001
4.573242187500000e-002	-7.392001e-001
4.604882812500000e-002	-7.670295e-001
4.634179687500000e-002	-7.867040e-001
4.673242187500000e-002	-8.072119e-001
4.704882812500000e-002	-8.197109e-001
4.734179687500000e-002	-8.248935e-001
4.762491016799345e-002	-8.256329e-001
4.776976704648589e-002	-8.253764e-001
4.791462392497833e-002	-8.237984e-001
4.805948080347078e-002	-8.208989e-001
4.820433768196322e-002	-8.166779e-001
4.834919456045567e-002	-8.111354e-001
4.849405143894811e-002	-8.042713e-001
4.863890831744056e-002	-7.960858e-001
4.900000000000000e-002	-7.742519e-001
4.934179687500000e-002	-7.451577e-001
4.973242187500000e-002	-7.058153e-001
5.000000000000000e-002	-6.761873e-001
5.034179687500000e-002	-6.313524e-001
5.073242187500000e-002	-5.749305e-001
5.104882812500000e-002	-5.260472e-001
5.134179687500001e-002	-4.762190e-001
5.173242187500000e-002	-4.062221e-001
5.205559412451945e-002	-3.459322e-001
5.227797062259720e-002	-3.023003e-001
5.257447262003420e-002	-2.425683e-001
5.300000000000000e-002	-1.553130e-001
5.334179687500000e-002	-8.316322e-002
5.373242187500000e-002	-7.455229e-005
5.400000000000000e-002	5.697733e-002
5.434179687500000e-002	1.294002e-001
5.473242187500000e-002	2.110137e-001
5.500000000000000e-002	2.662519e-001
5.534179687500000e-002	3.341644e-001
5.573242187500000e-002	4.088971e-001
5.600000000000000e-002	4.586566e-001
5.634179687500000e-002	5.175364e-001
5.673242187500000e-002	5.803999e-001
5.700000000000000e-002	6.213539e-001
5.734179687500000e-002	6.672505e-001
5.800000000000000e-002	7.434049e-001
5.834179687500000e-002	7.732123e-001
5.873242187500000e-002	8.007039e-001
5.914648437500000e-002	8.224662e-001
5.973242187500000e-002	8.345106e-001
6.014648437500000e-002	8.334725e-001
6.034179687500000e-002	8.283514e-001
6.073242187500000e-002	8.129886e-001
6.104882812500000e-002	7.960621e-001
6.134179687500000e-002	7.734643e-001
6.173242187500000e-002	7.373689e-001
6.204882812500000e-002	7.040257e-001
6.234179687500000e-002	6.669881e-001
6.273242187500000e-002	6.124843e-001
6.304882812500000e-002	5.648803e-001
6.334179687500000e-002	5.158087e-001
6.373242187500000e-002	4.464449e-001
6.400000000000000e-002	3.971092e-001
6.414648437499999e-002	3.686522e-001
6.473242187500000e-002	2.500926e-001
6.504882812500000e-002	1.840163e-001
6.514648437499999e-002	1.631445e-001
6.534179687500000e-002	1.210745e-001
6.573242187500000e-002	3.627144e-002
6.604882812500000e-002	-3.279673e-002
6.634179687500000e-002	-9.666279e-002
6.700000000000000e-002	-2.383059e-001
6.714648437500000e-002	-2.690071e-001
6.734179687500000e-002	-3.091993e-001
6.773242187500000e-002	-3.876326e-001
6.814648437500000e-002	-4.674284e-001
6.873242187500001e-002	-5.700700e-001
6.911581338772363e-002	-6.319544e-001
6.927023123802178e-002	-6.545469e-001
6.957906693861810e-002	-6.965120e-001
7.004882812500000e-002	-7.549285e-001
7.034179687500000e-002	-7.842817e-001
7.100000000000001e-002	-8.373554e-001
7.134179687500000e-002	-8.542833e-001
7.200000000000001e-002	-8.720343e-001
7.234179687500000e-002	-8.701351e-001
7.300000000000000e-002	-8.515247e-001
7.334179687499999e-002	-8.309835e-001
7.400000000000000e-002	-7.773388e-001
7.434179687499999e-002	-7.395480e-001
7.473242187500000e-002	-6.905485e-001
7.500000000000000e-002	-6.544570e-001
7.534179687499999e-002	-6.019167e-001
7.600000000000000e-002	-4.909785e-001
7.614648437499999e-002	-4.640625e-001
7.634179687499999e-002	-4.271254e-001
7.700000000000000e-002	-2.975713e-001
7.734179687499999e-002	-2.266132e-001
7.800000000000000e-002	-8.676837e-002
7.834179687499999e-002	-1.314167e-002
7.867804312679434e-002	5.906630e-002
7.914648437499999e-002	1.587676e-001
7.973242187500000e-002	2.790913e-001
8.014648437499999e-002	3.608941e-001
8.073242187500000e-002	4.679857e-001
8.114648437499999e-002	5.383609e-001
8.173242187500000e-002	6.254774e-001
8.204882812500000e-002	6.681887e-001
8.234179687500000e-002	7.020440e-001
8.300000000000000e-002	7.661672e-001
8.334179687500000e-002	7.895017e-001
8.400000000000001e-002	8.203397e-001
8.434179687500000e-002	8.256922e-001
8.500000000000001e-002	8.214721e-001
8.534179687500000e-002	8.086007e-001
8.600000000000001e-002	7.697766e-001
8.634179687500000e-002	7.395910e-001
8.673242187500001e-002	6.991268e-001
8.704882812500001e-002	6.626231e-001
8.734179687500000e-002	6.232905e-001
8.800000000000000e-002	5.251527e-001
8.834179687499999e-002	4.672713e-001
8.873242187500000e-002	3.974569e-001
8.914648437499999e-002	3.198966e-001
8.973242187500000e-002	2.033487e-001
9.014648437499999e-002	1.186147e-001
9.073242187500000e-002	-3.695174e-003
9.104882812500000e-002	-6.989747e-002
9.134179687499999e-002	-1.306835e-001
9.200000000000000e-002	-2.647215e-001
9.234179687499999e-002	-3.312358e-001
9.300000000000000e-002	-4.532905e-001
9.334179687499999e-002	-5.111927e-001
9.400000000000000e-002	-6.136822e-001
9.427023123802178e-002	-6.503544e-001
9.500000000000000e-002	-7.359905e-001
9.534179687500000e-002	-7.666972e-001
9.600000000000000e-002	-8.127313e-001
9.634179687500000e-002	-8.266643e-001
9.700000000000000e-002	-8.392963e-001
9.704882812500000e-002	-8.391695e-001
9.734179687500000e-002	-8.357552e-001
9.800000000000000e-002	-8.142098e-001
9.834179687500000e-002	-7.930402e-001
9.900000000000001e-002	-7.392038e-001
9.934179687500000e-002	-7.020480e-001
9.973242187500001e-002	-6.542128e-001
1.000000000000000e-001	-6.191109e-001
1.003417968750000e-001	-5.683295e-001
1.010000000000000e-001	-4.615374e-001
1.011464843750000e-001	-4.357185e-001
1.013417968750000e-001	-4.003274e-001
1.020000000000000e-001	-2.763870e-001
1.023417968750000e-001	-2.085815e-001
1.027324218750000e-001	-1.297314e-001
1.030488281250000e-001	-6.521770e-002
1.033417968750000e-001	-5.070921e-003
1.040000000000000e-001	1.293596e-001
1.043417968750000e-001	1.975288e-001
1.047324218750000e-001	2.735715e-001
1.050488281250000e-001	3.337389e-001
1.053417968750000e-001	3.866293e-001
1.060000000000000e-001	4.986396e-001
1.063417968750000e-001	5.505048e-001
1.067324218750000e-001	6.051589e-001
1.071464843750000e-001	6.577014e-001
1.077324218750000e-001	7.175080e-001
1.081464843750000e-001	7.519466e-001
1.087324218750000e-001	7.841831e-001
1.091464843750000e-001	7.983995e-001
1.097324218750000e-001	8.010925e-001
1.101464843750000e-001	7.942234e-001
1.107324218750000e-001	7.672322e-001
1.110488281250000e-001	7.473748e-001
1.113417968750000e-001	7.228008e-001
1.117324218750000e-001	6.847466e-001
1.120488281250000e-001	6.502963e-001
1.123417968750000e-001	6.129906e-001
1.127324218750000e-001	5.587946e-001
1.130000000000000e-001	5.195645e-001
1.133417968750000e-001	4.641905e-001
1.137324218750000e-001	3.972309e-001
1.140000000000000e-001	3.498229e-001
1.143417968750000e-001	2.856728e-001
1.150000000000000e-001	1.574872e-001
1.153417968750000e-001	8.855613e-002
1.157324218750000e-001	9.115952e-003
1.160000000000000e-001	-4.546401e-002
1.163417968750000e-001	-1.148823e-001
1.170000000000000e-001	-2.463873e-001
1.173417968750000e-001	-3.119665e-001
1.177324218750000e-001	-3.843978e-001
1.181464843750000e-001	-4.579690e-001
1.187324218750000e-001	-5.523722e-001
1.191158133877236e-001	-6.092043e-001
1.195790669386181e-001	-6.683739e-001
1.200488281250000e-001	-7.218451e-001
1.203417968750000e-001	-7.486500e-001
1.210000000000000e-001	-7.969923e-001
1.213417968750000e-001	-8.122903e-001
1.217324218750000e-001	-8.233677e-001
1.217987784023193e-001	-8.250383e-001
1.218651349296386e-001	-8.263676e-001
1.219314914569580e-001	-8.273556e-001
1.219978479842773e-001	-8.280022e-001
1.220642045115966e-001	-8.283075e-001
1.221305610389159e-001	-8.282715e-001
1.221969175662353e-001	-8.278942e-001
1.228270537781881e-001	-8.143389e-001
1.231464843750000e-001	-8.007326e-001
1.237324218750000e-001	-7.605816e-001
1.241464843750000e-001	-7.240673e-001
1.247324218750000e-001	-6.571694e-001
1.250000000000000e-001	-6.233428e-001
1.253417968750000e-001	-5.740579e-001
1.260000000000000e-001	-4.698707e-001
1.261464843750000e-001	-4.445530e-001
1.263417968750000e-001	-4.097794e-001
1.270000000000000e-001	-2.876383e-001
1.273417968750000e-001	-2.204881e-001
1.280000000000000e-001	-8.801679e-002
1.281498325892857e-001	-5.729761e-002
1.282996651785714e-001	-2.660878e-002
1.284494977678572e-001	4.049697e-003
1.285993303571429e-001	3.467782e-002
1.287491629464286e-001	6.527559e-002
1.288989955357143e-001	9.584302e-002
1.290488281250000e-001	1.263801e-001
1.293417968750000e-001	1.849989e-001
1.297324218750000e-001	2.615792e-001
1.300488281250000e-001	3.222854e-001
1.303417968750000e-001	3.758256e-001
1.310000000000000e-001	4.895560e-001
1.313417968750000e-001	5.424926e-001
1.317324218750000e-001	5.984599e-001
1.320488281250000e-001	6.407005e-001
1.323417968750000e-001	6.745206e-001
1.330000000000000e-001	7.393238e-001
1.333417968750000e-001	7.635875e-001
1.340000000000000e-001	7.969262e-001
1.343417968750000e-001	8.040550e-001
1.350000000000000e-001	8.038008e-001
1.353417968750000e-001	7.933279e-001
1.357324218750000e-001	7.749274e-001
1.360000000000000e-001	7.594597e-001
1.361464843750000e-001	7.485064e-001
1.367324218750000e-001	6.947571e-001
1.370000000000000e-001	6.666326e-001
1.373417968750000e-001	6.239392e-001
1.377324218750000e-001	5.701284e-001
1.380488281250000e-001	5.234597e-001
1.383417968750000e-001	4.758179e-001
1.387324218750000e-001	4.088284e-001
1.390000000000000e-001	3.613408e-001
1.393417968750000e-001	2.969308e-001
1.400000000000000e-001	1.679912e-001
1.403417968750000e-001	9.849638e-002
1.407324218750000e-001	1.831701e-002
1.411464843750000e-001	-6.699263e-002
1.417324218750000e-001	-1.863713e-001
1.421464843750000e-001	-2.690011e-001
1.427324218750000e-001	-3.802255e-001
1.430488281250000e-001	-4.379538e-001
1.433417968750000e-001	-4.879677e-001
1.440000000000000e-001	-5.923594e-001
1.442702312380218e-001	-6.300642e-001
1.450000000000000e-001	-7.189481e-001
1.453417968750000e-001	-7.514279e-001
1.460000000000000e-001	-8.011125e-001
1.463417968750000e-001	-8.169792e-001
1.467324218750000e-001	-8.286171e-001
1.470488281250000e-001	-8.338137e-001
1.473417968750000e-001	-8.318872e-001
1.480000000000000e-001	-8.144609e-001
1.483417968750000e-001	-7.951748e-001
1.490000000000000e-001	-7.447284e-001
1.493417968750000e-001	-7.091174e-001
1.497324218750000e-001	-6.628856e-001
1.500000000000000e-001	-6.288056e-001
1.503417968750000e-001	-5.791016e-001
1.510000000000000e-001	-4.739637e-001
1.511464843750000e-001	-4.484021e-001
1.513417968750000e-001	-4.132885e-001
1.520000000000000e-001	-2.899314e-001
1.523417968750000e-001	-2.221001e-001
1.530000000000000e-001	-8.828256e-002
1.533417968750000e-001	-1.755521e-002
1.540000000000000e-001	1.182991e-001
1.543417968750000e-001	1.874542e-001
1.550000000000000e-001	3.167950e-001
1.553417968750000e-001	3.800317e-001
1.560000000000000e-001	4.947119e-001
1.563417968750000e-001	5.480467e-001
1.570000000000000e-001	6.408416e-001
1.573417968750000e-001	6.809140e-001
1.580000000000000e-001	7.459765e-001
1.583417968750000e-001	7.702612e-001
1.590000000000000e-001	8.034908e-001
1.593417968750000e-001	8.104569e-001
1.600000000000000e-001	8.097583e-001
1.603417968750000e-001	7.989661e-001
1.607324218750000e-001	7.801526e-001
1.610488281250000e-001	7.607850e-001
1.613417968750000e-001	7.365103e-001
1.617324218750000e-001	6.987155e-001
1.620488281250000e-001	6.643770e-001
1.623417968750000e-001	6.270213e-001
1.627324218750000e-001	5.726254e-001
1.630488281250000e-001	5.254784e-001
1.633417968750000e-001	4.773943e-001
1.637324218750000e-001	4.098227e-001
1.640000000000000e-001	3.619415e-001
1.643417968750000e-001	2.970516e-001
1.650000000000000e-001	1.672437e-001
1.653417968750000e-001	9.734963e-002
1.657324218750000e-001	1.675336e-002
1.661464843750000e-001	-6.895174e-002
1.667324218750000e-001	-1.887640e-001
1.670488281250000e-001	-2.524161e-001
1.673417968750000e-001	-3.094112e-001
1.680000000000000e-001	-4.322316e-001
1.680488281250000e-001	-4.408464e-001
1.683417968750000e-001	-4.908652e-001
1.690000000000000e-001	-5.951667e-001
1.692702312380218e-001	-6.327785e-001
1.700000000000000e-001	-7.213000e-001
1.703417968750000e-001	-7.535437e-001
1.710000000000000e-001	-8.027012e-001
1.713417968750000e-001	-8.182492e-001
1.717324218750000e-001	-8.295014e-001
1.720488281250000e-001	-8.343737e-001
1.723417968750000e-001	-8.321335e-001
1.730000000000000e-001	-8.139895e-001
1.733417968750000e-001	-7.943301e-001
1.740000000000000e-001	-7.431801e-001
1.743417968750000e-001	-7.072242e-001
1.747324218750000e-001	-6.606178e-001
1.750000000000000e-001	-6.262908e-001
1.753417968750000e-001	-5.763025e-001
1.760000000000000e-001	-4.706801e-001
1.761464843750000e-001	-4.450280e-001
1.763417968750000e-001	-4.098049e-001
1.770000000000000e-001	-2.861392e-001
1.773417968750000e-001	-2.182067e-001
1.780000000000000e-001	-8.427565e-002
1.783417968750000e-001	-1.355751e-002
1.790000000000000e-001	1.222179e-001
1.793417968750000e-001	1.912761e-001
1.800000000000000e-001	3.203618e-001
1.803417968750000e-001	3.834203e-001
1.810000000000000e-001	4.977055e-001
1.813417968750000e-001	5.508032e-001
1.817324218750000e-001	6.068735e-001
1.821464843750000e-001	6.609110e-001
1.827324218750000e-001	7.227600e-001
1.831464843750000e-001	7.585776e-001
1.837324218750000e-001	7.925830e-001
1.840488281250000e-001	8.055514e-001
1.843417968750000e-001	8.108891e-001
1.850000000000000e-001	8.097385e-001
1.853417968750000e-001	7.987404e-001
1.857324218750000e-001	7.797132e-001
1.860488281250000e-001	7.601873e-001
1.863417968750000e-001	7.357911e-001
1.867324218750000e-001	6.978585e-001
1.870488281250000e-001	6.634254e-001
1.873417968750000e-001	6.260104e-001
1.880000000000000e-001	5.321053e-001
1.883417968750000e-001	4.763089e-001
1.887324218750000e-001	4.087679e-001
1.890000000000000e-001	3.609195e-001
1.893417968750000e-001	2.961025e-001
1.900000000000000e-001	1.664839e-001
1.903417968750000e-001	9.672090e-002
1.907324218750000e-001	1.629184e-002
1.911464843750000e-001	-6.921891e-002
1.917324218750000e-001	-1.887231e-001
1.920488281250000e-001	-2.522011e-001
1.923417968750000e-001	-3.090289e-001
1.930000000000000e-001	-4.314682e-001
1.933417968750000e-001	-4.899049e-001
1.940000000000000e-001	-5.938374e-001
1.942702312380218e-001	-6.313064e-001
1.950000000000000e-001	-7.194698e-001
1.953417968750000e-001	-7.515680e-001
1.960000000000000e-001	-8.004796e-001
1.963417968750000e-001	-8.160061e-001
1.970000000000000e-001	-8.317872e-001
1.971464843750000e-001	-8.317407e-001
1.973417968750000e-001	-8.296169e-001
1.980000000000000e-001	-8.114263e-001
1.983417968750000e-001	-7.917745e-001
1.990000000000000e-001	-7.406803e-001
1.993417968750000e-001	-7.047822e-001
1.997324218750000e-001	-6.582585e-001
2.000000000000000e-001	-6.239953e-001
2.003417968750000e-001	-5.741064e-001
2.010000000000000e-001	-4.687017e-001
2.011464843750000e-001	-4.431039e-001
2.013417968750000e-001	-4.079556e-001
2.020000000000000e-001	-2.845535e-001
2.023417968750000e-001	-2.167653e-001
2.030000000000000e-001	-8.311581e-002
2.033417968750000e-001	-1.254258e-002
2.040000000000000e-001	1.229617e-001
2.043417968750000e-001	1.918884e-001
2.047324218750000e-001	2.689046e-001
2.050421079291012e-001	3.286685e-001
2.052947555037080e-001	3.752605e-001
2.060000000000000e-001	4.977940e-001
2.063417968750000e-001	5.508191e-001
2.067324218750000e-001	6.068206e-001
2.070488281250000e-001	6.490461e-001
2.073417968750000e-001	6.827863e-001
2.080000000000000e-001	7.472882e-001
2.083417968750000e-001	7.713054e-001
2.090000000000000e-001	8.040624e-001
2.093417968750000e-001	8.108199e-001
2.100000000000000e-001	8.097767e-001
2.103417968750000e-001	7.988511e-001
2.107324218750000e-001	7.799157e-001
2.110488281250000e-001	7.604693e-001
2.113417968750000e-001	7.361535e-001
2.117324218750000e-001	6.983327e-001
2.120000000000000e-001	6.698303e-001
2.123417968750000e-001	6.266671e-001
2.130000000000000e-001	5.329639e-001
2.133417968750000e-001	4.772710e-001
2.137324218750000e-001	4.098454e-001
2.140000000000000e-001	3.620744e-001
2.143417968750000e-001	2.973504e-001
2.150000000000000e-001	1.678973e-001
2.153417968750000e-001	9.820822e-002
2.157324218750000e-001	1.785491e-002
2.160000000000000e-001	-3.736891e-002
2.163417968750000e-001	-1.076450e-001
2.170000000000000e-001	-2.408288e-001
2.173417968750000e-001	-3.072768e-001
2.180000000000000e-001	-4.296997e-001
2.183417968750000e-001	-4.881447e-001
2.190000000000000e-001	-5.921147e-001
2.192702312380218e-001	-6.296101e-001
2.200000000000000e-001	-7.178662e-001
2.203417968750000e-001	-7.500204e-001
2.210000000000000e-001	-7.990530e-001
2.213417968750000e-001	-8.146504e-001
2.217013987632711e-001	-8.251437e-001
2.220488281250000e-001	-8.306943e-001
2.223417968750000e-001	-8.284823e-001
2.230000000000000e-001	-8.104426e-001
2.233417968750000e-001	-7.908679e-001
2.240000000000000e-001	-7.399172e-001
2.243417968750000e-001	-7.040882e-001
2.247324218750000e-001	-6.576386e-001
2.250000000000000e-001	-6.234239e-001
2.253417968750000e-001	-5.735899e-001
2.260000000000000e-001	-4.682769e-001
2.261464843750000e-001	-4.426957e-001
2.263417968750000e-001	-4.075672e-001
2.270000000000000e-001	-2.842189e-001
2.273417968750000e-001	-2.164464e-001
2.280000000000000e-001	-8.281013e-002
2.280488281250000e-001	-7.273788e-002
2.283417968750000e-001	-1.223163e-002
2.290000000000000e-001	1.232985e-001
2.293417968750000e-001	1.922494e-001
2.297324218750000e-001	2.692996e-001
2.300488281250000e-001	3.303510e-001
2.303417968750000e-001	3.841514e-001
2.310000000000000e-001	4.983432e-001
2.313417968750000e-001	5.514184e-001
2.317324218750000e-001	6.074797e-001
2.320000000000000e-001	6.437176e-001
2.323417968750000e-001	6.835418e-001
2.330000000000000e-001	7.481492e-001
2.333417968750000e-001	7.722199e-001
2.340000000000000e-001	8.050761e-001
2.343417968750000e-001	8.118809e-001
2.350000000000000e-001	8.109212e-001
2.353417968750000e-001	8.000324e-001
2.357324218750000e-001	7.811341e-001
2.360000000000000e-001	7.653168e-001
2.363417968750000e-001	7.374184e-001
2.367324218750000e-001	6.996187e-001
2.370488281250000e-001	6.652924e-001
2.373417968750000e-001	6.279733e-001
2.380000000000000e-001	5.342737e-001
2.383417968750000e-001	4.785740e-001
2.387324218750000e-001	4.111353e-001
2.390000000000000e-001	3.633532e-001
2.393417968750000e-001	2.986088e-001
2.400000000000000e-001	1.691074e-001
2.403417968750000e-001	9.938725e-002
2.407324218750000e-001	1.899528e-002
2.411464843750000e-001	-6.648934e-002
2.417324218750000e-001	-1.859891e-001
2.421464843750000e-001	-2.686411e-001
2.427324218750000e-001	-3.797744e-001
2.431464843750000e-001	-4.543990e-001
2.437324218750000e-001	-5.501810e-001
2.441158133877236e-001	-6.078517e-001
2.442702312380218e-001	-6.288785e-001
2.450000000000000e-001	-7.172052e-001
2.453417968750000e-001	-7.493873e-001
2.460000000000000e-001	-7.984663e-001
2.461428571428571e-001	-8.055506e-001
2.462857142857143e-001	-8.117776e-001
2.464285714285714e-001	-8.171471e-001
2.465714285714286e-001	-8.216593e-001
2.467142857142857e-001	-8.253142e-001
2.468571428571429e-001	-8.281117e-001
2.470000000000000e-001	-8.300518e-001
2.473417968750000e-001	-8.279627e-001
2.480000000000000e-001	-8.099233e-001
2.483417968750000e-001	-7.903439e-001
2.490000000000000e-001	-7.393776e-001
2.493417968750000e-001	-7.035358e-001
2.497324218750000e-001	-6.570688e-001
2.500000000000000e-001	-6.228410e-001
2.503417968750000e-001	-5.729871e-001
2.510000000000000e-001	-4.676313e-001
2.511464843750000e-001	-4.420396e-001
2.513417968750000e-001	-4.068967e-001
2.520000000000000e-001	-2.834980e-001
2.523417968750000e-001	-2.156981e-001
2.530000000000000e-001	-8.200885e-002
2.533417968750000e-001	-1.140325e-002
2.540000000000000e-001	1.241772e-001
2.541498325892857e-001	1.546138e-001
2.542996651785714e-001	1.847670e-001
2.544494977678571e-001	2.146369e-001
2.545993303571429e-001	2.442234e-001
2.547491629464286e-001	2.735266e-001
2.548989955357143e-001	3.025464e-001
2.550488281250000e-001	3.312829e-001
2.553417968750000e-001	3.850999e-001
2.560000000000000e-001	4.993246e-001
2.563417968750000e-001	5.524133e-001
2.567324218750000e-001	6.084873e-001
2.571464843750000e-001	6.625435e-001
2.577324218750000e-001	7.244536e-001
2.581464843750000e-001	7.603303e-001
2.587324218750000e-001	7.944471e-001
2.591464843750000e-001	8.098904e-001
2.597324218750000e-001	8.140709e-001
2.601464843750000e-001	8.081110e-001
2.607324218750000e-001	7.820933e-001
2.610488281250000e-001	7.626585e-001
2.613417968750000e-001	7.383469e-001
2.617324218750000e-001	7.005255e-001
2.620488281250000e-001	6.661811e-001
2.623417968750000e-001	6.288444e-001
2.630000000000000e-001	5.351051e-001
2.633417968750000e-001	4.793848e-001
2.637324218750000e-001	4.119230e-001
2.640000000000000e-001	3.641252e-001
2.643417968750000e-001	2.993619e-001
2.650000000000000e-001	1.698263e-001
2.653417968750000e-001	1.000904e-001
2.657324218750000e-001	1.968207e-002
2.661464843750001e-001	-6.581807e-002
2.667324218750000e-001	-1.853348e-001
2.671464843750001e-001	-2.679963e-001
2.677324218750000e-001	-3.791376e-001
2.681464843750001e-001	-4.537651e-001
2.687324218750000e-001	-5.495459e-001
2.691158133877236e-001	-6.072137e-001
2.692702312380218e-001	-6.282384e-001
2.700000000000000e-001	-7.165520e-001
2.703417968750000e-001	-7.487255e-001
2.710000000000000e-001	-7.977853e-001
2.713417968750000e-001	-8.133110e-001
2.717324218750000e-001	-8.245555e-001
2.720488281250000e-001	-8.294331e-001
2.723417968750000e-001	-8.272156e-001
2.730000000000000e-001	-8.091550e-001
2.733417968750000e-001	-7.895632e-001
2.740000000000000e-001	-7.385725e-001
2.743417968750000e-001	-7.027180e-001
2.747324218750000e-001	-6.562372e-001
2.750000000000000e-001	-6.220001e-001
2.753417968750000e-001	-5.721354e-001
2.760000000000000e-001	-4.667612e-001
2.761464843750001e-001	-4.411661e-001
2.763417968750001e-001	-4.060191e-001
2.770000000000000e-001	-2.826091e-001
2.773417968750001e-001	-2.148058e-001
2.780000000000000e-001	-8.111355e-002
2.783417968750001e-001	-1.050904e-002
2.790000000000000e-001	1.250658e-001
2.793417968750001e-001	1.940356e-001
2.797324218750000e-001	2.711042e-001
2.800488281250000e-001	3.321685e-001
2.803417968750001e-001	3.859774e-001
2.810000000000000e-001	5.001813e-001
2.813417968750001e-001	5.532573e-001
2.817324218750000e-001	6.093161e-001
2.821464843750001e-001	6.633552e-001
2.827324218750000e-001	7.252401e-001
2.831464843750001e-001	7.610985e-001
2.837324218750000e-001	7.951899e-001
2.840488281250000e-001	8.082125e-001
2.843417968750001e-001	8.136089e-001
2.850000000000000e-001	8.126031e-001
2.853417968750001e-001	8.016886e-001
2.857324218750000e-001	7.827601e-001
2.860488281250000e-001	7.633158e-001
2.863417968750001e-001	7.389966e-001
2.867324218750000e-001	7.011663e-001
2.870488281250000e-001	6.668156e-001
2.873417968750001e-001	6.294746e-001
2.877324218750000e-001	5.751204e-001
2.880488281250000e-001	5.280225e-001
2.883417968750001e-001	4.800066e-001
2.887324218750000e-001	4.125447e-001
2.890000000000000e-001	3.647474e-001
2.893417968750000e-001	2.999864e-001
2.900000000000000e-001	1.704578e-001
2.903417968750000e-001	1.007273e-001
2.907324218750000e-001	2.032615e-002
2.910000000000000e-001	-3.493059e-002
2.913417968750000e-001	-1.052484e-001
2.920000000000000e-001	-2.385107e-001
2.923417968750000e-001	-3.049970e-001
2.930000000000000e-001	-4.274891e-001
2.933417968750000e-001	-4.859659e-001
2.940000000000000e-001	-5.899903e-001
2.942702312380218e-001	-6.275040e-001
2.950000000000000e-001	-7.158002e-001
2.953417968750000e-001	-7.479667e-001
2.960000000000000e-001	-7.970146e-001
2.963417968750000e-001	-8.125355e-001
2.967324218750000e-001	-8.237755e-001
2.970000000000000e-001	-8.285316e-001
2.973417968750000e-001	-8.264309e-001
2.980000000000000e-001	-8.083684e-001
2.983417968750000e-001	-7.887774e-001
2.990000000000000e-001	-7.377901e-001
2.993417968750000e-001	-7.019390e-001
2.997324218750000e-001	-6.554629e-001
3.000000000000000e-001	-6.212294e-001
3.003417968750001e-001	-5.713702e-001
3.010000000000000e-001	-4.660083e-001
3.011464843750000e-001	-4.404162e-001
3.013417968750000e-001	-4.052734e-001
3.020000000000000e-001	-2.818782e-001
3.023417968750000e-001	-2.140831e-001
3.030000000000000e-001	-8.040687e-002
3.033417968750000e-001	-9.810688e-003
3.040000000000000e-001	1.257485e-001
3.043417968750000e-001	1.947105e-001
3.047324218750000e-001	2.717706e-001
3.050488281250000e-001	3.328283e-001
3.053417968750000e-001	3.866316e-001
3.060000000000000e-001	5.008241e-001
3.063417968750000e-001	5.538954e-001
3.067324218750000e-001	6.099492e-001
3.070488281250000e-001	6.522165e-001
3.073417968750000e-001	6.859938e-001
3.080000000000000e-001	7.505748e-001
3.083417968750000e-001	7.746286e-001
3.090000000000000e-001	8.074484e-001
3.093417968750000e-001	8.142322e-001
3.100000000000000e-001	8.132299e-001
3.103417968750000e-001	8.023180e-001
3.107324218750000e-001	7.833931e-001
3.110488281250000e-001	7.639520e-001
3.113417968750000e-001	7.396361e-001
3.120000000000000e-001	6.733027e-001
3.123417968750000e-001	6.301267e-001
3.130000000000000e-001	5.363892e-001
3.133417968750000e-001	4.806721e-001
3.137324218750000e-001	4.132153e-001
3.140000000000000e-001	3.654215e-001
3.143417968750000e-001	3.006647e-001
3.150000000000000e-001	1.711435e-001
3.153417968750000e-001	1.014163e-001
3.157324218750000e-001	2.101842e-002
3.160000000000000e-001	-3.423627e-002
3.163417968750000e-001	-1.045521e-001
3.170000000000000e-001	-2.378115e-001
3.173417968750000e-001	-3.042973e-001
3.180000000000000e-001	-4.267894e-001
3.183417968750000e-001	-4.852671e-001
3.190000000000000e-001	-5.892943e-001
3.192702312380218e-001	-6.268098e-001
3.200000000000000e-001	-7.151119e-001
3.203417968750000e-001	-7.472818e-001
3.210000000000000e-001	-7.963371e-001
3.213417968750000e-001	-8.118623e-001
3.217324218750000e-001	-8.231074e-001
3.220488281250000e-001	-8.279861e-001
3.223417968750000e-001	-8.257710e-001
3.230000000000000e-001	-8.077177e-001
3.233417968750000e-001	-7.881315e-001
3.240000000000000e-001	-7.371531e-001
3.243417968750000e-001	-7.013065e-001
3.247324218750000e-001	-6.548351e-001
3.250000000000000e-001	-6.206048e-001
3.253417968750000e-001	-5.707494e-001
3.257324218750000e-001	-5.093442e-001
3.260488281250000e-001	-4.569287e-001
3.261464843750001e-001	-4.398032e-001
3.263417968750000e-001	-4.046619e-001
3.270000000000000e-001	-2.812713e-001
3.273417968750000e-001	-2.134780e-001
3.280000000000000e-001	-7.980424e-002
3.283417968750000e-001	-9.208739e-003
3.290000000000000e-001	1.263499e-001
3.293417968750000e-001	1.953123e-001
3.297324218750000e-001	2.723731e-001
3.300488281250000e-001	3.334316e-001
3.303417968750000e-001	3.872359e-001
3.310000000000000e-001	5.014312e-001
3.313417968750000e-001	5.545042e-001
3.317324218750000e-001	6.105602e-001
3.320488281250000e-001	6.528293e-001
3.323417968750000e-001	6.866084e-001
3.330000000000000e-001	7.511935e-001
3.333417968750000e-001	7.752494e-001
3.340000000000000e-001	8.080731e-001
3.343417968750000e-001	8.148587e-001
3.350000000000000e-001	8.138595e-001
3.353417968750000e-001	8.029490e-001
3.357324218750000e-001	7.840254e-001
3.360000000000000e-001	7.681905e-001
3.363417968750000e-001	7.402698e-001
3.370000000000000e-001	6.739370e-001
3.373417968750000e-001	6.307609e-001
3.380000000000000e-001	5.370227e-001
3.383417968750000e-001	4.813046e-001
3.387324218750000e-001	4.138466e-001
3.390000000000000e-001	3.660517e-001
3.393417968750001e-001	3.012933e-001
3.400000000000000e-001	1.717685e-001
3.403417968750001e-001	1.020391e-001
3.407324218750000e-001	2.163848e-002
3.411464843750001e-001	-6.385317e-002
3.417324218750000e-001	-1.833577e-001
3.421464843750001e-001	-2.660106e-001
3.427324218750000e-001	-3.771406e-001
3.430488281250000e-001	-4.347798e-001
3.433417968750001e-001	-4.846681e-001
3.440000000000000e-001	-5.887007e-001
3.442702312380218e-001	-6.262182e-001
3.450000000000000e-001	-7.145256e-001
3.453417968750001e-001	-7.466978e-001
3.460000000000000e-001	-7.957571e-001
3.463417968750001e-001	-8.112840e-001
3.467324218750000e-001	-8.225309e-001
3.470488281250000e-001	-8.274109e-001
3.473417968750001e-001	-8.251968e-001
3.477324218750000e-001	-8.162301e-001
3.481464843750001e-001	-7.995970e-001
3.487324218750000e-001	-7.589419e-001
3.491464843750001e-001	-7.219731e-001
3.497324218750000e-001	-6.542641e-001
3.500000000000000e-001	-6.200337e-001
3.503417968750001e-001	-5.701780e-001
3.507324218750000e-001	-5.087723e-001
3.510488281250001e-001	-4.563563e-001
3.511464843750001e-001	-4.392305e-001
3.513417968750001e-001	-4.040889e-001
3.520000000000000e-001	-2.806969e-001
3.523417968750000e-001	-2.129028e-001
3.530000000000000e-001	-7.922749e-002
3.533417968750000e-001	-8.631206e-003
3.540000000000000e-001	1.269289e-001
3.543417968750000e-001	1.958919e-001
3.547324218750000e-001	2.729534e-001
3.550000000000000e-001	3.248199e-001
3.553417968750000e-001	3.878169e-001
3.560000000000000e-001	5.020126e-001
3.563417968750000e-001	5.550855e-001
3.567324218750000e-001	6.111414e-001
3.570488281250000e-001	6.534103e-001
3.573417968750000e-001	6.871890e-001
3.580000000000000e-001	7.517729e-001
3.583417968750000e-001	7.758280e-001
3.590000000000000e-001	8.086498e-001
3.593417968750000e-001	8.154342e-001
3.600000000000000e-001	8.144324e-001
3.603417968750000e-001	8.035203e-001
3.607324218750000e-001	7.845950e-001
3.610488281250000e-001	7.651532e-001
3.613417968750000e-001	7.408363e-001
3.620000000000000e-001	6.745002e-001
3.623417968750000e-001	6.313223e-001
3.630000000000000e-001	5.375805e-001
3.633417968750000e-001	4.818607e-001
3.637324218750000e-001	4.144006e-001
3.640000000000000e-001	3.666044e-001
3.643417968750000e-001	3.018442e-001
3.650000000000000e-001	1.723163e-001
3.653417968750000e-001	1.025854e-001
3.657324218750000e-001	2.218327e-002
3.660488281250000e-001	-4.316236e-002
3.663417968750000e-001	-1.033940e-001
3.670000000000000e-001	-2.366608e-001
3.673417968750000e-001	-3.031503e-001
3.680000000000000e-001	-4.256495e-001
3.683417968750000e-001	-4.841306e-001
3.690000000000000e-001	-5.881640e-001
3.692702312380218e-001	-6.256819e-001
3.700000000000000e-001	-7.139898e-001
3.703417968750000e-001	-7.461621e-001
3.710000000000000e-001	-7.952213e-001
3.713417968750000e-001	-8.107482e-001
3.717324218750000e-001	-8.219950e-001
3.720488281250000e-001	-8.268750e-001
3.723417968750000e-001	-8.246607e-001
3.730000000000000e-001	-8.066090e-001
3.733417968750000e-001	-7.870232e-001
3.740000000000000e-001	-7.360455e-001
3.743417968750000e-001	-7.001988e-001
3.747324218750000e-001	-6.537274e-001
3.750000000000000e-001	-6.194971e-001
3.753417968750000e-001	-5.696415e-001
3.757324218750000e-001	-5.082360e-001
3.760000000000000e-001	-4.642855e-001
3.761464843750000e-001	-4.386946e-001
3.763417968750000e-001	-4.035531e-001
3.770000000000000e-001	-2.801619e-001
3.773417968750000e-001	-2.123683e-001
3.780000000000000e-001	-7.869426e-002
3.783417968750000e-001	-8.098728e-003
3.790000000000000e-001	1.274597e-001
3.793417968750000e-001	1.964218e-001
3.797324218750000e-001	2.734821e-001
3.800488281250000e-001	3.345400e-001
3.803417968750000e-001	3.883437e-001
3.810000000000000e-001	5.025372e-001
3.813417968750000e-001	5.556090e-001
3.817324218750000e-001	6.116633e-001
3.821464843750000e-001	6.656988e-001
3.827324218750000e-001	7.275800e-001
3.830488281250000e-001	7.561217e-001
3.833417968750000e-001	7.763441e-001
3.840000000000000e-001	8.091636e-001
3.843417968750000e-001	8.159468e-001
3.850000000000000e-001	8.149429e-001
3.853417968750000e-001	8.040298e-001
3.857324218750000e-001	7.851032e-001
3.860488281250000e-001	7.656606e-001
3.863417968750000e-001	7.413430e-001
3.870000000000000e-001	6.750051e-001
3.873417968750000e-001	6.318265e-001
3.880000000000000e-001	5.380834e-001
3.883417968750000e-001	4.823631e-001
3.887324218750000e-001	4.149024e-001
3.890000000000000e-001	3.671058e-001
3.891464843750001e-001	3.396885e-001
3.897324218750000e-001	2.260153e-001
3.901464843750001e-001	1.430550e-001
3.907324218750000e-001	2.268286e-002
3.911464843750001e-001	-6.281067e-002
3.917324218750000e-001	-1.823175e-001
3.920488281250000e-001	-2.458053e-001
3.923417968750000e-001	-3.026518e-001
3.930000000000000e-001	-4.251513e-001
3.933417968750000e-001	-4.836327e-001
3.940000000000000e-001	-5.876666e-001
3.942702312380217e-001	-6.251847e-001
3.950000000000000e-001	-7.134932e-001
3.953417968750000e-001	-7.456658e-001
3.960000000000000e-001	-7.947258e-001
3.963417968750000e-001	-8.102532e-001
3.967324218750000e-001	-8.215005e-001
3.970488281250000e-001	-8.263810e-001
3.973417968750000e-001	-8.241673e-001
3.980000000000000e-001	-8.061168e-001
3.983417968750000e-001	-7.865316e-001
3.990000000000000e-001	-7.355553e-001
3.993417968750000e-001	-6.997095e-001
3.997324218750000e-001	-6.532390e-001
4.000000000000000e-001	-6.190093e-001
4.003417968750000e-001	-5.691546e-001
4.007324218750000e-001	-5.077500e-001
4.010000000000000e-001	-4.638003e-001
4.011464843750001e-001	-4.382097e-001
4.013417968750001e-001	-4.030688e-001
4.020000000000000e-001	-2.796794e-001
4.023417968750001e-001	-2.118867e-001
4.030000000000000e-001	-7.821444e-002
4.033417968750001e-001	-7.619835e-003
4.040000000000000e-001	1.279369e-001
4.043417968750001e-001	1.968981e-001
4.047324218750000e-001	2.739574e-001
4.050488281250000e-001	3.350146e-001
4.053417968750001e-001	3.888175e-001
4.060000000000000e-001	5.030095e-001
4.063417968750001e-001	5.560805e-001
4.067324218750000e-001	6.121341e-001
4.071464843750001e-001	6.661687e-001
4.077324218750000e-001	7.280489e-001
4.081464843750001e-001	7.639050e-001
4.087324218750000e-001	7.979946e-001
4.091464843750001e-001	8.134197e-001
4.097324218750000e-001	8.175774e-001
4.101464843750001e-001	8.116027e-001
4.107324218750000e-001	7.855678e-001
4.110488281250000e-001	7.661248e-001
4.113417968750001e-001	7.418069e-001
4.120000000000000e-001	6.754683e-001
4.123417968750001e-001	6.322894e-001
4.130000000000000e-001	5.385455e-001
4.133417968750001e-001	4.828248e-001
4.137324218750000e-001	4.153636e-001
4.140000000000000e-001	3.675667e-001
4.141464843750001e-001	3.401494e-001
4.147324218750000e-001	2.264754e-001
4.150000000000000e-001	1.732763e-001
4.153417968750001e-001	1.035447e-001
4.157324218750000e-001	2.314164e-002
4.160488281250001e-001	-4.220468e-002
4.163417968750001e-001	-1.024370e-001
4.170000000000000e-001	-2.357052e-001
4.173417968750000e-001	-3.021955e-001
4.180000000000000e-001	-4.246962e-001
4.183417968750000e-001	-4.831781e-001
4.190000000000000e-001	-5.872133e-001
4.192702312380218e-001	-6.247318e-001
4.200000000000000e-001	-7.130419e-001
4.203417968750000e-001	-7.452152e-001
4.210000000000000e-001	-7.942767e-001
4.213417968750000e-001	-8.098047e-001
4.217324218750000e-001	-8.210530e-001
4.220488281250000e-001	-8.259341e-001
4.223417968750000e-001	-8.237209e-001
4.230000000000000e-001	-8.056719e-001
4.233417968750000e-001	-7.860875e-001
4.240000000000000e-001	-7.351126e-001
4.243417968750000e-001	-6.992675e-001
4.247324218750000e-001	-6.527978e-001
4.250000000000000e-001	-6.185686e-001
4.253417968750000e-001	-5.687146e-001
4.257324218750000e-001	-5.073108e-001
4.260000000000000e-001	-4.633616e-001
4.261464843750000e-001	-4.377713e-001
4.263417968750000e-001	-4.026307e-001
4.270000000000000e-001	-2.792425e-001
4.273417968750000e-001	-2.114504e-001
4.280000000000000e-001	-7.777921e-002
4.283417968750000e-001	-7.185136e-003
4.290000000000000e-001	1.283706e-001
4.293417968750000e-001	1.973313e-001
4.297324218750000e-001	2.743900e-001
4.300488281250000e-001	3.354467e-001
4.303417968750000e-001	3.892493e-001
4.310000000000000e-001	5.034404e-001
4.313417968750000e-001	5.565110e-001
4.317324218750000e-001	6.125641e-001
4.320488281250000e-001	6.548309e-001
4.323417968750000e-001	6.886076e-001
4.330000000000000e-001	7.531871e-001
4.333417968750000e-001	7.772399e-001
4.340000000000000e-001	8.100575e-001
4.343417968750000e-001	8.168398e-001
4.350000000000000e-001	8.158341e-001
4.353417968750000e-001	8.049200e-001
4.357324218750000e-001	7.859924e-001
4.360000000000000e-001	7.701549e-001
4.363417968750000e-001	7.422306e-001
4.370000000000000e-001	6.758911e-001
4.373417968750000e-001	6.327115e-001
4.380000000000000e-001	5.389667e-001
4.383417968750000e-001	4.832453e-001
4.387324218750000e-001	4.157836e-001
4.390000000000000e-001	3.679862e-001
4.391464843750000e-001	3.405686e-001
4.397324218750000e-001	2.268935e-001
4.401464843750000e-001	1.439320e-001
4.407324218750000e-001	2.355800e-002
4.411464843750000e-001	-6.193687e-002
4.417324218750000e-001	-1.814457e-001
4.421464843750000e-001	-2.641015e-001
4.427324218750000e-001	-3.752353e-001
4.431464843750000e-001	-4.498580e-001
4.437324218750000e-001	-5.456333e-001
4.441158133877236e-001	-6.032981e-001
4.442702312380218e-001	-6.243219e-001
4.450000000000000e-001	-7.126333e-001
4.453417968750000e-001	-7.448072e-001
4.460000000000000e-001	-7.938697e-001
4.463417968750000e-001	-8.093984e-001
4.467324218750000e-001	-8.206472e-001
4.470488281250000e-001	-8.255289e-001
4.473417968750000e-001	-8.233162e-001
4.480000000000000e-001	-8.052682e-001
4.483417968750000e-001	-7.856843e-001
4.490000000000000e-001	-7.347103e-001
4.493417968750000e-001	-6.988657e-001
4.497324218750000e-001	-6.523966e-001
4.500000000000000e-001	-6.181678e-001
4.503417968750000e-001	-5.683142e-001
4.507324218750000e-001	-5.069110e-001
4.510000000000000e-001	-4.629621e-001
4.511464843750001e-001	-4.373720e-001
4.513417968750000e-001	-4.022317e-001
4.520000000000000e-001	-2.788444e-001
4.523417968750000e-001	-2.110527e-001
4.530000000000000e-001	-7.738242e-002
4.533417968750000e-001	-6.788807e-003
4.540000000000000e-001	1.287660e-001
4.543417968750000e-001	1.977263e-001
4.547324218750000e-001	2.747845e-001
4.550488281250000e-001	3.358407e-001
4.553417968750000e-001	3.896429e-001
4.560000000000000e-001	5.038331e-001
4.563417968750000e-001	5.569031e-001
4.567324218750000e-001	6.129557e-001
4.570488281250000e-001	6.552219e-001
4.573417968750000e-001	6.889982e-001
4.580000000000000e-001	7.535768e-001
4.583417968750000e-001	7.776290e-001
4.590000000000000e-001	8.104456e-001
4.593417968750000e-001	8.172274e-001
4.600000000000000e-001	8.162206e-001
4.603417968750000e-001	8.053060e-001
4.607324218750000e-001	7.863778e-001
4.610488281250000e-001	7.669339e-001
4.613417968750000e-001	7.426150e-001
4.620000000000000e-001	6.762744e-001
4.623417968750000e-001	6.330943e-001
4.630000000000000e-001	5.393484e-001
4.633417968750000e-001	4.836265e-001
4.637324218750000e-001	4.161641e-001
4.640000000000000e-001	3.683663e-001
4.641464843750001e-001	3.409484e-001
4.647324218750000e-001	2.272725e-001
4.651464843750001e-001	1.443103e-001
4.657324218750000e-001	2.393541e-002
4.660488281250000e-001	-4.141197e-002
4.663417968750001e-001	-1.016453e-001
4.670000000000000e-001	-2.349157e-001
4.673417968750001e-001	-3.014071e-001
4.677324218750000e-001	-3.748608e-001
4.681464843750001e-001	-4.494841e-001
4.687324218750000e-001	-5.452602e-001
4.691158133877236e-001	-6.029256e-001
4.692702312380218e-001	-6.239496e-001
4.700000000000000e-001	-7.122620e-001
4.703417968750001e-001	-7.444364e-001
4.710000000000000e-001	-7.934998e-001
4.713417968750001e-001	-8.090289e-001
4.717324218750000e-001	-8.202783e-001
4.720488281250000e-001	-8.251604e-001
4.723417968750001e-001	-8.229480e-001
4.730000000000000e-001	-8.049009e-001
4.733417968750001e-001	-7.853175e-001
4.740000000000000e-001	-7.343444e-001
4.743417968750001e-001	-6.985002e-001
4.747324218750000e-001	-6.520316e-001
4.750000000000000e-001	-6.178032e-001
4.753417968750001e-001	-5.679501e-001
4.757324218750000e-001	-5.065474e-001
4.760000000000000e-001	-4.625989e-001
4.761464843750001e-001	-4.370089e-001
4.763417968750001e-001	-4.018689e-001
4.770000000000000e-001	-2.784825e-001
4.773417968750001e-001	-2.106913e-001
4.780000000000000e-001	-7.702199e-002
4.783417968750001e-001	-6.428858e-003
4.790000000000000e-001	1.291250e-001
4.793417968750001e-001	1.980848e-001
4.797324218750000e-001	2.751424e-001
4.800488281250000e-001	3.361982e-001
4.803417968750000e-001	3.900000e-001
4.810000000000000e-001	5.041891e-001
4.813417968750000e-001	5.572588e-001
4.817324218750000e-001	6.133107e-001
4.821464843750000e-001	6.673436e-001
4.827324218750000e-001	7.292212e-001
4.831464843750000e-001	7.650756e-001
4.837324218750000e-001	7.991627e-001
4.840488281250000e-001	8.121834e-001
4.843417968750000e-001	8.175786e-001
4.850000000000000e-001	8.165709e-001
4.853417968750000e-001	8.056558e-001
4.857324218750000e-001	7.867271e-001
4.860488281250000e-001	7.672827e-001
4.863417968750000e-001	7.429634e-001
4.870000000000000e-001	6.766220e-001
4.873417968750000e-001	6.334414e-001
4.880000000000000e-001	5.396946e-001
4.883417968750000e-001	4.839723e-001
4.887324218750000e-001	4.165093e-001
4.890000000000000e-001	3.687112e-001
4.891464843750000e-001	3.412931e-001
4.897324218750000e-001	2.276164e-001
4.901464843750000e-001	1.446537e-001
4.907324218750000e-001	2.427804e-002
4.911464843750000e-001	-6.121799e-002
4.917324218750000e-001	-1.807284e-001
4.920488281250000e-001	-2.442181e-001
4.923417968750000e-001	-3.010665e-001
4.930000000000000e-001	-4.235702e-001
4.933417968750000e-001	-4.820537e-001
4.940000000000000e-001	-5.860918e-001
4.942702312380218e-001	-6.236116e-001
4.950000000000000e-001	-7.119249e-001
4.953417968750000e-001	-7.440997e-001
4.960000000000000e-001	-7.931640e-001
4.963417968750000e-001	-8.086935e-001
4.967324218750000e-001	-8.199434e-001
4.970488281250000e-001	-8.248259e-001
4.973417968750000e-001	-8.226140e-001
4.980000000000000e-001	-8.045677e-001
4.983417968750000e-001	-7.849847e-001
4.990000000000000e-001	-7.340125e-001
4.993417968750000e-001	-6.981688e-001
4.997324218750000e-001	-6.517007e-001
5.000000000000000e-001	-6.174726e-001
